0.234000,8,36.396458,36.396772,36.398616,36.398850
-0.800000,9,38.402435,38.402706,38.404569,38.403769
-1.187000,10,40.408402,40.408706,40.410488,40.409301
-1.215000,11,42.414342,42.414615,42.416407,42.415192
-1.217000,12,44.420268,44.420610,44.422327,44.421110
-1.268000,13,46.426176,46.426465,46.428322,46.427054
-1.259000,14,48.432080,48.432395,48.434260,48.433001
-1.245000,15,50.438148,50.438382,50.440187,50.438942
-1.274000,16,52.444016,52.444305,52.446168,52.444894
-1.236000,17,54.449923,54.450228,54.452142,54.450906
-1.147000,18,56.455977,56.456307,56.458064,56.456917
-1.277000,19,58.461940,58.462236,58.464102,58.462825
-1.193000,20,0.467856,0.468160,0.469942,0.468749
-1.257000,21,2.473931,2.474166,2.475929,2.474672
-1.170000,22,4.479732,4.480062,4.481880,4.480710
-1.240000,23,6.485664,6.486038,6.487852,6.486612
-1.300000,24,8.491632,8.491940,8.493806,8.492506
-1.258000,25,10.497654,10.497948,10.499771,10.498513
-1.242000,26,12.503835,12.504078,12.505876,12.504634
-1.248000,27,14.509703,14.510031,14.511858,14.510610
-1.185000,28,16.515584,16.516069,16.517858,16.516673
-1.304000,29,18.521621,18.521932,18.523818,18.522514
-1.267000,30,20.527607,20.527882,20.529738,20.528471
-1.266000,31,22.533568,22.533893,22.535730,22.534464
-1.229000,32,24.539617,24.539920,24.541750,24.540521
-1.195000,33,26.545489,26.545889,26.547646,26.546451
-1.251000,34,28.551443,28.551765,28.553590,28.552339
-1.208000,35,30.557445,30.557781,30.559535,30.558327
-1.240000,36,32.563354,32.563816,32.565493,32.564253
-1.254000,37,34.569307,34.569643,34.571454,34.570200
-1.261000,38,36.575317,36.575642,36.577393,36.576132
-1.256000,39,38.581372,38.581789,38.583574,38.582318
-1.249000,40,40.587357,40.587686,40.589459,40.588210
-1.258000,41,42.593316,42.593802,42.595423,42.594165
-1.268000,42,44.599242,44.599590,44.601421,44.600153
-1.242000,43,46.605232,46.605572,46.607388,46.606146
-1.204000,44,48.611276,48.611690,48.613345,48.612141
-1.307000,45,50.617154,50.617468,50.619292,50.617985
-1.276000,46,52.623140,52.623435,52.625266,52.623990
-1.237000,47,54.629082,54.629408,54.631150,54.629913
-1.299000,48,56.634940,56.635194,56.637079,56.635780
-0.790000,49,58.640890,58.641423,58.643020,58.642230
-1.447000,50,0.646804,0.647119,0.649001,0.647554
-1.135000,51,2.652824,2.653106,2.654978,2.653843
-1.216000,52,4.658753,4.659087,4.660893,4.659677
-1.236000,53,6.664689,6.665026,6.666832,6.665596
-1.322000,54,8.670654,8.670955,8.672852,8.671530
-1.264000,55,10.676708,10.677049,10.678787,10.677523
-1.352000,56,12.682711,12.682959,12.684849,12.683497
-1.384000,57,14.688613,14.688905,14.690850,14.689466
-1.231000,58,16.694643,16.694998,16.696782,16.695551
-1.276000,59,18.700644,18.700952,18.702741,18.701465
-1.240000,60,20.706576,20.706870,20.708657,20.707417
-1.216000,61,22.712507,22.712860,22.714641,22.713425
-1.181000,62,24.718499,24.718870,24.720638,24.719457
-1.358000,63,26.724389,26.724595,26.726520,26.725162
-1.348000,64,28.730322,28.730653,28.732452,28.731104
-1.163000,65,30.736219,30.736626,30.738371,30.737208
-1.260000,66,32.742169,32.742530,32.744350,32.743090
-1.252000,67,34.748060,34.748405,34.750226,34.748974
-1.132000,68,36.754011,36.754414,36.756192,36.755060
-0.860000,69,38.759921,38.760551,38.762055,38.761195
-0.837000,70,40.765867,40.766552,40.767983,40.767146
-1.163000,71,42.771840,42.772227,42.773961,42.772798
-1.279000,72,44.777760,44.778126,44.779911,44.778632
-1.227000,73,46.783757,46.784031,46.785841,46.784614
-1.257000,74,48.789666,48.789951,48.791811,48.790554
-1.263000,75,50.795635,50.795923,50.797784,50.796521
-1.379000,76,52.801567,52.801898,52.803823,52.802444
-1.215000,77,54.807578,54.808009,54.809698,54.808483
-1.384000,78,56.813557,56.813858,56.815686,56.814302
-1.297000,79,58.819485,58.819845,58.821663,58.820366
-1.269000,80,0.825513,0.825778,0.827628,0.826359
-1.350000,81,2.831459,2.831793,2.833713,2.832363
-1.243000,82,4.837461,4.837827,4.839625,4.838382
-1.272000,83,6.843323,6.843785,6.845568,6.844296
-1.169000,84,8.849395,8.849744,8.851551,8.850382
-1.149000,85,10.855318,10.855713,10.857490,10.856341
-1.122000,86,12.861315,12.861646,12.863447,12.862325
-1.135000,87,14.867261,14.867625,14.869444,14.868309
-1.130000,88,16.873319,16.873746,16.875514,16.874384
-1.062000,89,18.879279,18.879632,18.881496,18.880434
-1.054000,90,20.885260,20.885571,20.887426,20.886372
-1.046000,91,22.891197,22.891605,22.893381,22.892335
-0.955000,92,24.897150,24.897498,24.899302,24.898347
-0.970000,93,26.903080,26.903420,26.905221,26.904251
-0.936000,94,28.909035,28.909418,28.911172,28.910236
-0.894000,95,30.914921,30.915282,30.917110,30.916216
-1.034000,96,32.920994,32.921285,32.923141,32.922107
-0.873000,97,34.926869,34.927204,34.929032,34.928159
-0.877000,98,36.932830,36.933210,36.934990,36.934113
-0.832000,99,38.938812,38.939173,38.940914,38.940082
-0.829000,100,40.944700,40.945042,40.946852,40.946023
-0.773000,101,42.950653,42.951014,42.952765,42.951992
-0.737000,102,44.956506,44.956864,44.958665,44.957928
-0.760000,103,46.962546,46.962917,46.964659,46.963899
-0.863000,104,48.968603,48.969024,48.970800,48.969937
-0.758000,105,50.974707,50.975001,50.976887,50.976129
-0.752000,106,52.981029,52.981414,52.982926,52.982174
-0.760000,107,54.986965,54.987322,54.989049,54.988289
-0.729000,108,56.993063,56.993295,56.995133,56.994404
-0.683000,110,1.005642,1.005923,1.007685,1.007002
-0.658000,111,3.011914,3.012232,3.014034,3.013376
-0.643000,112,5.018303,5.018634,5.020404,5.019761
-0.575000,113,7.024722,7.025003,7.026731,7.026156
-0.653000,114,9.030868,9.031116,9.032813,9.032160
-0.600000,115,11.036864,11.037150,11.038884,11.038284
-0.606000,116,13.042903,13.043212,13.044985,13.044379
-0.590000,117,15.048928,15.049211,15.051003,15.050413
-0.468000,118,17.054977,17.055253,17.056998,17.056530
-0.511000,119,19.061081,19.061383,19.062970,19.062459
-0.520000,120,21.066921,21.067291,21.068940,21.068420
-0.525000,121,23.072897,23.073220,23.074992,23.074467
-0.545000,122,25.078875,25.079124,25.080997,25.080452
-0.483000,123,27.084925,27.085232,27.086965,27.086482
-0.452000,124,29.091035,29.091313,29.092961,29.092509
-0.498000,125,31.096885,31.097170,31.098951,31.098453
-0.418000,126,33.102835,33.103184,33.104938,33.104520
-0.509000,127,35.108880,35.109208,35.110968,35.110459
-0.541000,128,37.114944,37.115175,37.117071,37.116530
-0.517000,129,39.121124,39.121409,39.123230,39.122713
-0.493000,130,41.127117,41.127476,41.129191,41.128698
-0.485000,131,43.133378,43.133604,43.135395,43.134910
-0.381000,132,45.139170,45.139476,45.141286,45.140905
-0.450000,133,47.145174,47.145462,47.147242,47.146792
-0.437000,134,49.151118,49.151454,49.153280,49.152843
-0.404000,135,51.157217,51.157522,51.159270,51.158866
-0.390000,136,53.163201,53.163531,53.165330,53.164940
-0.391000,137,55.168219,55.168732,55.170302,55.169911
-0.384000,138,57.174401,57.174653,57.176428,57.176044
-0.406000,139,59.180555,59.180764,59.182521,59.182115
-0.371000,140,1.186513,1.186840,1.188617,1.188246
-0.310000,141,3.192589,3.193011,3.194692,3.194382
-0.319000,142,5.198423,5.199013,5.200613,5.200294
-0.316000,143,7.204178,7.204547,7.206274,7.205958
-0.346000,144,9.210111,9.210460,9.212090,9.211744
-0.318000,145,11.215722,11.216060,11.217737,11.217419
-0.354000,146,13.221279,13.221523,13.223445,13.223091
-0.322000,147,15.226944,15.227229,15.229100,15.228778
-0.316000,148,17.232684,17.233041,17.234781,17.234465
-0.318000,149,19.238305,19.238686,19.240425,19.240107
-0.313000,150,21.244013,21.244296,21.246125,21.245812
-0.312000,151,23.249713,23.249995,23.251798,23.251486
-0.380000,152,25.255341,25.255626,25.257520,25.257140
-0.318000,153,27.261139,27.261448,27.263250,27.262932
-0.305000,154,29.266820,29.267084,29.268900,29.268595
-0.315000,155,31.272522,31.272776,31.274614,31.274299
-0.311000,156,33.278127,33.278436,33.280312,33.280001
-0.378000,157,35.283903,35.284179,35.286064,35.285686
-0.321000,158,37.289673,37.289999,37.291833,37.291512
-0.318000,159,39.295384,39.295649,39.297519,39.297201
-0.323000,160,41.301128,41.301339,41.303272,41.302949
-0.290000,161,43.306832,43.307216,43.308929,43.308639
-0.320000,162,45.312349,45.312680,45.314612,45.314292
-0.322000,163,47.318035,47.318315,47.320183,47.319861
-0.313000,164,49.323745,49.323972,49.325881,49.325568
-0.316000,165,51.329350,51.329683,51.331533,51.331217
-0.216000,166,53.334921,53.335212,53.337036,53.336820
-0.313000,167,55.340654,55.340988,55.342903,55.342590
-0.349000,168,57.346335,57.346592,57.348573,57.348224
-0.349000,169,59.352076,59.352398,59.354286,59.353937
-0.342000,170,1.357754,1.358067,1.359990,1.359648
-0.354000,171,3.363506,3.363876,3.365680,3.365326
-0.352000,172,5.369237,5.369518,5.371486,5.371134
-0.351000,173,7.374911,7.375333,7.377182,7.376831
-0.373000,174,9.380648,9.381003,9.382915,9.382542
-0.335000,175,11.386377,11.386657,11.388588,11.388253
-0.335000,176,13.392054,13.392349,13.394374,13.394039
-0.343000,177,15.397730,15.398033,15.400032,15.399689
-0.347000,178,17.403400,17.403815,17.405749,17.405402
-0.346000,179,19.409137,19.409421,19.411365,19.411019
-0.348000,180,21.414835,21.415100,21.417121,21.416773
-0.354000,181,23.420526,23.420854,23.422835,23.422481
-0.359000,182,25.426201,25.426528,25.428531,25.428172
-0.359000,183,27.431899,27.432185,27.434262,27.433903
-0.360000,184,29.437638,29.437925,29.439962,29.439602
-0.303000,185,31.443309,31.443580,31.445580,31.445277
-0.301000,186,33.449085,33.449323,33.451334,33.451033
-0.347000,187,35.454775,35.455024,35.457120,35.456773
-0.330000,188,37.460525,37.460826,37.462851,37.462521
-0.324000,189,39.466312,39.466669,39.468557,39.468233
-0.349000,190,41.472151,41.472398,41.474347,41.473998
1.853000,191,43.477772,43.481116,43.479865,43.481718
-0.329000,192,45.483316,45.483594,45.485757,45.485428
-0.551000,193,47.489153,47.489432,47.491674,47.491123
-0.292000,194,49.494796,49.495066,49.497111,49.496819
-0.332000,195,51.500542,51.500761,51.502862,51.502530
-0.177000,196,53.506211,53.506516,53.508424,53.508247
-0.304000,197,55.512060,55.512282,55.514341,55.514037
-0.303000,198,57.517941,57.518189,57.520164,57.519861
-0.298000,199,59.523614,59.523919,59.525954,59.525656
-0.300000,200,1.529298,1.529617,1.531649,1.531349
-0.300000,201,3.534976,3.535300,3.537325,3.537025
-0.300000,202,5.540655,5.540959,5.542973,5.542673
-0.276000,203,7.546377,7.546659,7.548724,7.548448
-0.351000,204,9.552149,9.552446,9.554546,9.554195
-0.331000,205,11.557918,11.558233,11.560263,11.559932
-0.330000,206,13.563762,13.564042,13.566093,13.565763
-0.349000,207,15.569499,15.569782,15.571839,15.571490
-0.355000,208,17.575214,17.575478,17.577616,17.577261
-0.335000,209,19.580871,19.581247,19.583305,19.582970
-0.326000,210,21.586529,21.586877,21.588982,21.588656
-0.355000,211,23.592421,23.592705,23.594710,23.594355
-0.372000,212,25.597941,25.598231,25.600363,25.599991
-0.338000,213,27.603738,27.604017,27.606036,27.605698
-0.255000,214,29.609331,29.609706,29.611683,29.611428
-0.281000,215,31.615043,31.615354,31.617406,31.617125
-0.364000,216,33.620770,33.621125,33.623208,33.622844
0.250000,217,35.626521,35.626853,35.628606,35.628856
-0.332000,218,37.632175,37.632464,37.634570,37.634238
-0.262000,219,39.637930,39.638226,39.640256,39.639994
-0.329000,220,41.643580,41.644093,41.646000,41.645671
-0.262000,221,43.649354,43.649647,43.651690,43.651428
-0.259000,222,45.654905,45.655262,45.657377,45.657118
-0.260000,223,47.660692,47.660986,47.663011,47.662751
-0.258000,224,49.666388,49.666709,49.668726,49.668468
-0.280000,225,51.672096,51.672393,51.674492,51.674212
0.141000,226,53.677742,53.678058,53.679862,53.680003
-0.299000,227,55.683561,55.683966,55.685965,55.685666
0.257000,228,57.689316,57.689669,57.691417,57.691674
0.262000,229,59.695046,59.695335,59.697114,59.697376
-0.255000,230,1.700636,1.700978,1.703084,1.702829
-0.261000,231,3.706403,3.706714,3.708777,3.708516
-0.262000,232,5.712112,5.712454,5.714507,5.714245
-0.292000,233,7.717814,7.718260,7.720259,7.719967
-0.256000,234,9.723835,9.724049,9.726021,9.725765
-0.264000,235,11.729431,11.729773,11.731822,11.731558
0.257000,236,13.735179,13.735574,13.737319,13.737576
-0.253000,237,15.740995,15.741407,15.743309,15.743056
-0.261000,238,17.746712,17.747074,17.749090,17.748829
-0.269000,239,19.752447,19.752839,19.754816,19.754547
0.259000,240,21.758216,21.758630,21.760285,21.760544
-0.264000,241,23.764020,23.764234,23.766245,23.765981
-0.317000,242,25.769614,25.769920,25.772049,25.771732
-0.259000,243,27.775406,27.775741,27.777706,27.777447
-0.333000,244,29.781105,29.781395,29.783546,29.783213
-0.332000,245,31.786847,31.787110,31.789257,31.788925
-0.330000,246,33.792554,33.792922,33.795014,33.794684
-0.329000,247,35.798433,35.798697,35.800839,35.800510
-0.331000,248,37.804216,37.804592,37.806687,37.806356
-0.335000,249,39.810074,39.810349,39.812441,39.812106
-0.332000,250,41.815772,41.815988,41.818187,41.817855
-0.401000,251,43.821503,43.821717,43.823999,43.823598
-0.336000,252,45.827226,45.827562,45.829703,45.829367
-0.331000,253,47.833094,47.833445,47.835425,47.835094
-0.271000,254,49.838742,49.839041,49.841114,49.840843
-0.281000,255,51.844562,51.844891,51.846901,51.846620
0.239000,256,53.850236,53.850572,53.852360,53.852599
-0.264000,257,55.856007,55.856302,55.858345,55.858081
-0.290000,258,57.861752,57.862117,57.864167,57.863877
-0.361000,259,59.867477,59.867871,59.869920,59.869559
-0.302000,260,1.873121,1.873488,1.875569,1.875267
-0.300000,261,3.878965,3.879301,3.881358,3.881058
-0.282000,262,5.884677,5.885028,5.887108,5.886826
-0.286000,263,7.890456,7.890764,7.892855,7.892569
-0.286000,264,9.896207,9.896513,9.898700,9.898414
0.257000,265,11.901978,11.902315,11.904134,11.904391
-0.255000,266,13.907744,13.908045,13.910129,13.909874
-0.256000,267,15.913591,15.913929,15.915903,15.915647
-0.263000,268,17.919286,17.919677,17.921712,17.921449
-0.253000,269,19.925068,19.925376,19.927447,19.927194
0.234000,270,21.930850,21.931107,21.932934,21.933168
-0.257000,271,23.936546,23.936833,23.938905,23.938648
0.256000,272,25.942328,25.942636,25.944431,25.944687
-0.258000,273,27.948057,27.948372,27.950363,27.950105
-0.258000,274,29.953907,29.954166,29.956162,29.955904
-0.259000,275,31.959634,31.959872,31.961924,31.961665
-0.267000,276,33.965435,33.965867,33.967868,33.967601
0.257000,277,35.971837,35.972196,35.973874,35.974131
-0.313000,278,37.978054,37.978311,37.980280,37.979967
-0.265000,279,39.984185,39.984502,39.986510,39.986245
-0.260000,280,41.990446,41.990730,41.992799,41.992539
-0.262000,281,43.996379,43.996690,43.998717,43.998455
-0.375000,282,46.002221,46.002631,46.004730,46.004355
-0.332000,283,48.008030,48.008271,48.010418,48.010086
-0.282000,284,50.014005,50.014229,50.016238,50.015956
-0.326000,285,52.019753,52.020006,52.022183,52.021857
0.266000,286,54.025573,54.026005,54.027618,54.027884
-0.421000,287,56.031369,56.031593,56.033816,56.033395
0.264000,288,58.037213,58.037586,58.039250,58.039514
-0.306000,289,0.042953,0.043234,0.045358,0.045052
-0.263000,290,2.048888,2.049140,2.051173,2.050910
-0.312000,291,4.054677,4.054899,4.057030,4.056718
-0.300000,292,6.060575,6.060862,6.062911,6.062611
0.264000,293,8.066435,8.066717,8.068450,8.068714
-0.309000,294,10.072261,10.072481,10.074576,10.074267
-0.304000,295,12.078028,12.078448,12.080393,12.080089
-0.266000,296,14.083939,14.084177,14.086195,14.085929
-0.256000,297,16.089672,16.089940,16.092012,16.091756
-0.283000,298,18.095437,18.095728,18.097815,18.097532
-0.240000,299,20.101294,20.101576,20.103593,20.103353
-0.280000,300,22.107022,22.107395,22.109371,22.109091
-0.283000,301,24.112713,24.113029,24.115148,24.114865
-0.277000,302,26.118536,26.118833,26.120933,26.120656
-0.304000,303,28.124337,28.124611,28.126712,28.126408
-0.308000,304,30.130084,30.130416,30.132494,30.132186
-0.305000,305,32.135852,32.136144,32.138269,32.137964
0.243000,306,34.141631,34.141910,34.143780,34.144023
-0.245000,307,36.147382,36.147693,36.149727,36.149482
0.240000,308,38.153083,38.153395,38.155267,38.155507
0.238000,309,40.158832,40.159129,40.161014,40.161252
-0.286000,310,42.164611,42.164904,42.167008,42.166722
0.243000,311,44.170398,44.170682,44.172529,44.172772
-0.304000,312,46.176097,46.176311,46.178528,46.178224
-0.263000,313,48.181894,48.182194,48.184319,48.184056
-0.239000,314,50.187625,50.188025,50.190022,50.189783
-0.242000,315,52.193586,52.193855,52.195939,52.195697
0.238000,316,54.199305,54.199637,54.201420,54.201658
0.238000,317,56.205058,56.205377,56.207157,56.207395
0.240000,318,58.210813,58.211155,58.212975,58.213215
-0.280000,319,0.216606,0.216962,0.218951,0.218671
-0.238000,320,2.222370,2.222686,2.224759,2.224521
0.239000,321,4.228156,4.228461,4.230336,4.230575
-0.238000,322,6.233994,6.234277,6.236301,6.236063
0.237000,323,8.239752,8.240065,8.241859,8.242096
-0.238000,324,10.245533,10.245819,10.247930,10.247692
0.309000,325,12.251338,12.251624,12.253476,12.253785
-0.241000,326,14.257203,14.257442,14.259515,14.259274
-0.309000,327,16.262993,16.263388,16.265395,16.265086
-0.319000,328,18.268960,18.269224,18.271232,18.270913
-0.263000,329,20.274668,20.274967,20.277016,20.276753
-0.302000,330,22.280484,22.280764,22.282854,22.282552
-0.276000,331,24.286285,24.286650,24.288689,24.288413
-0.298000,332,26.292213,26.292570,26.294535,26.294237
-0.259000,333,28.298129,28.298378,28.300343,28.300084
-0.266000,334,30.303872,30.304091,30.306155,30.305889
-0.296000,335,32.309588,32.309802,32.311972,32.311676
-0.258000,336,34.315393,34.316162,34.317788,34.317530
-0.265000,337,36.321268,36.321690,36.323640,36.323375
-0.277000,338,38.327008,38.327417,38.329431,38.329154
-0.273000,339,40.332829,40.333224,40.335245,40.334972
0.257000,340,42.338703,42.339082,42.340805,42.341062
-0.258000,341,44.344576,44.344802,44.346866,44.346608
-0.272000,342,46.350402,46.350705,46.352720,46.352448
0.259000,343,48.356244,48.356609,48.358359,48.358618
0.254000,344,50.362128,50.362415,50.364223,50.364477
-0.258000,345,52.368042,52.368310,52.370403,52.370145
-0.301000,346,54.373985,54.374274,54.376330,54.376029
-0.320000,347,56.379919,56.380207,56.382272,56.381952
-0.325000,348,58.385796,58.386123,58.388121,58.387796
0.332000,349,0.391545,0.391828,0.393625,0.393957
-0.263000,350,2.397381,2.397669,2.399682,2.399419
0.264000,351,4.403068,4.403358,4.405196,4.405460
0.261000,352,6.408842,6.409180,6.410935,6.411196
-0.256000,353,8.414504,8.414855,8.416916,8.416660
-0.275000,354,10.420390,10.420627,10.422745,10.422470
-0.265000,355,12.425058,12.425354,12.427398,12.427133
-0.316000,356,14.430847,14.431265,14.433291,14.432975
0.255000,357,16.436794,16.437120,16.438910,16.439165
0.261000,358,18.442747,18.443070,18.444828,18.445089
0.250000,359,20.448647,20.448919,20.450692,20.450942
0.259000,360,22.454487,22.454786,22.456545,22.456804
0.264000,361,24.460275,24.460578,24.462381,24.462645
-0.262000,362,26.466094,26.466386,26.468506,26.468244
0.260000,363,28.472031,28.472346,28.474096,28.474356
-0.280000,364,30.477894,30.478169,30.480223,30.479943
-0.263000,365,32.483960,32.484141,32.486094,32.485831
-0.262000,366,34.489737,34.489960,34.492055,34.491793
-0.262000,367,36.495708,36.495985,36.498036,36.497774
0.260000,368,38.501670,38.501962,38.503818,38.504078
-0.268000,369,40.507570,40.507828,40.509888,40.509620
0.239000,370,42.513476,42.513975,42.515540,42.515779
-0.362000,371,44.519372,44.519687,44.521836,44.521474
0.321000,372,46.525318,46.525671,46.527410,46.527731
-0.262000,373,48.531178,48.531513,48.533471,48.533209
0.354000,374,50.536972,50.537297,50.539173,50.539527
-0.290000,375,52.542816,52.543113,52.545206,52.544916
0.252000,376,54.548638,54.548933,54.550745,54.550997
0.254000,377,56.554486,56.554822,56.556577,56.556831
-0.275000,378,58.560323,58.560688,58.562685,58.562410
0.289000,379,0.566165,0.566510,0.568258,0.568547
-0.255000,380,2.571990,2.572265,2.574330,2.574075
-0.249000,381,4.577828,4.578131,4.580161,4.579912
-0.257000,382,6.583733,6.583951,6.585988,6.585731
0.258000,383,8.589439,8.589845,8.591552,8.591810
-0.259000,384,10.595278,10.595594,10.597619,10.597360
0.326000,385,12.601037,12.601335,12.603175,12.603501
-0.330000,386,14.606937,14.607216,14.609355,14.609025
-0.329000,387,16.612734,16.613051,16.615208,16.614879
-0.335000,388,18.618573,18.618870,18.620990,18.620655
-0.265000,389,20.624460,20.624750,20.626799,20.626534
-0.265000,390,22.630228,22.630544,22.632634,22.632369
-0.325000,391,24.636128,24.636420,24.638503,24.638178
0.267000,392,26.641984,26.642258,26.644033,26.644300
0.261000,393,28.647789,28.648073,28.649849,28.650110
-0.327000,394,30.653622,30.653945,30.655992,30.655665
0.242000,395,32.659417,32.659801,32.661553,32.661795
0.263000,396,34.665322,34.665613,34.667416,34.667679
-0.265000,397,36.671092,36.671314,36.673501,36.673236
-0.335000,398,38.676931,38.677176,38.679360,38.679025
0.258000,399,40.682783,40.683093,40.684898,40.685156
-0.319000,400,42.688582,42.688949,42.691010,42.690691
-0.268000,401,44.694401,44.694777,44.696838,44.696570
-0.258000,402,46.700269,46.700730,46.702690,46.702432
-0.265000,403,48.706117,48.706398,48.708518,48.708253
-0.258000,404,50.711975,50.712771,50.714397,50.714139
0.256000,405,52.717830,52.718363,52.719978,52.720234
-0.260000,406,54.723760,54.724032,54.726031,54.725771
0.266000,407,56.729455,56.729761,56.731593,56.731859
-0.264000,408,58.735269,58.735637,58.737653,58.737389
0.240000,409,0.741113,0.741375,0.743198,0.743438
-0.262000,410,2.746969,2.747257,2.749317,2.749055
0.256000,411,4.752756,4.753042,4.754848,4.755104
-0.484000,412,6.758523,6.758851,6.761120,6.760636
0.260000,413,8.764426,8.764786,8.766489,8.766749
0.256000,414,10.770205,10.770588,10.772345,10.772601
0.261000,415,12.776178,12.776540,12.778262,12.778523
-0.258000,416,14.781959,14.782394,14.784358,14.784100
0.852000,417,16.787823,16.788588,16.789991,16.790843
-0.259000,418,18.793753,18.794142,18.796064,18.795805
-0.267000,419,20.799514,20.799782,20.801902,20.801635
-0.280000,420,22.805446,22.805762,22.807863,22.807583
-0.325000,421,24.811356,24.811662,24.813833,24.813508
-0.256000,422,26.817198,26.817521,26.819583,26.819327
-0.258000,423,28.823054,28.823416,28.825470,28.825212
0.254000,424,30.828865,30.829159,30.831028,30.831282
-0.258000,425,32.834859,32.835187,32.837203,32.836945
0.258000,426,34.840637,34.840986,34.842792,34.843050
-0.261000,427,36.846466,36.846810,36.848870,36.848609
-0.285000,428,38.852348,38.852712,38.854749,38.854464
-0.259000,429,40.858187,40.858674,40.860548,40.860289
-0.264000,430,42.864062,42.864402,42.866349,42.866085
-0.261000,431,44.869959,44.870342,44.872247,44.871986
-0.264000,432,46.875831,46.876165,46.878233,46.877969
0.260000,433,48.881786,48.882134,48.883893,48.884153
-0.304000,434,50.887656,50.887979,50.890082,50.889778
0.254000,435,52.893745,52.893966,52.895744,52.895998
-0.402000,436,54.899564,54.899852,54.902101,54.901699
-0.260000,437,56.905595,56.905847,56.907925,56.907665
-0.334000,438,58.911508,58.911809,58.913913,58.913579
0.258000,439,0.917467,0.917760,0.919556,0.919814
-0.259000,440,2.923404,2.923763,2.925681,2.925422
-0.265000,441,4.929355,4.929653,4.931661,4.931396
0.252000,442,6.935292,6.935675,6.937345,6.937597
-0.255000,443,8.941235,8.941577,8.943586,8.943331
0.256000,444,10.947272,10.947620,10.949398,10.949654
0.265000,445,12.953261,12.953589,12.955345,12.955610
-0.271000,446,14.959229,14.959541,14.961609,14.961338
-0.314000,447,16.965214,16.965579,16.967578,16.967264
-0.298000,448,18.971175,18.971555,18.973556,18.973258
-0.300000,449,20.977220,20.977518,20.979529,20.979229
0.262000,450,22.983187,22.983466,22.985210,22.985472
0.257000,451,24.989166,24.989538,24.991227,24.991484
0.265000,452,26.995069,26.995401,26.997106,26.997371
-0.287000,453,29.000931,29.001248,29.003329,29.003042
0.286000,454,31.006813,31.007056,31.008877,31.009163
-0.296000,455,33.012670,33.013077,33.015073,33.014777
0.304000,456,35.018542,35.018927,35.020738,35.021042
-0.264000,457,37.024463,37.024804,37.026808,37.026544
-0.261000,458,39.030498,39.030748,39.032708,39.032447
0.267000,459,41.036309,41.036670,41.038356,41.038623
0.262000,460,43.042187,43.042600,43.044254,43.044516
0.266000,461,45.047937,45.048368,45.050036,45.050302
-0.332000,462,47.053932,47.054150,47.056173,47.055841
0.324000,463,49.059725,49.060063,49.061826,49.062150
0.263000,464,51.065633,51.066062,51.067702,51.067965
-0.462000,465,53.071654,53.071861,53.074207,53.073745
0.264000,466,55.077491,55.077746,55.079531,55.079795
-0.245000,467,57.083327,57.083577,57.085605,57.085360
0.263000,468,59.089136,59.089621,59.091238,59.091501
-0.260000,469,1.095043,1.095329,1.097376,1.097116
0.258000,470,3.100962,3.101236,3.102997,3.103255
0.263000,471,5.106844,5.107269,5.108871,5.109134
0.330000,472,7.112681,7.113105,7.114766,7.115096
0.368000,473,9.118510,9.118949,9.120661,9.121029
0.264000,474,11.124481,11.124927,11.126499,11.126763
0.334000,475,13.130304,13.130687,13.132367,13.132701
-0.262000,476,15.136116,15.136468,15.138472,15.138210
0.326000,477,17.142107,17.142367,17.144117,17.144443
-0.366000,478,19.147948,19.148280,19.150455,19.150089
-0.339000,479,21.153980,21.154242,21.156243,21.155904
0.301000,480,23.159759,23.160116,23.161790,23.162091
0.302000,481,25.165636,25.165888,25.167666,25.167968
0.361000,482,27.171440,27.171866,27.173588,27.173949
0.258000,483,29.177408,29.177782,29.179465,29.179723
0.260000,484,31.183282,31.183613,31.185348,31.185608
0.251000,485,33.189116,33.189436,33.191188,33.191439
-0.252000,486,35.194973,35.195330,35.197340,35.197088
-0.255000,487,37.200943,37.201276,37.203250,37.202995
0.269000,488,39.206824,39.207080,39.208923,39.209192
-0.297000,489,41.212700,41.212983,41.215031,41.214734
-0.296000,490,43.218604,43.218928,43.220919,43.220623
0.262000,491,45.224339,45.224729,45.226472,45.226734
-0.251000,492,47.230213,47.230575,47.232521,47.232270
-0.257000,493,49.236128,49.236378,49.238441,49.238184
-0.258000,494,51.242039,51.242301,51.244346,51.244088
0.138000,495,53.247759,53.248074,53.249863,53.250001
-0.260000,496,55.253957,55.254140,55.256101,55.255841
0.266000,497,57.259760,57.259996,57.261782,57.262048
0.263000,498,59.265546,59.265886,59.267683,59.267946
0.322000,499,1.271450,1.271781,1.273563,1.273885
-0.263000,500,3.277364,3.277728,3.279705,3.279442
-0.264000,501,5.283300,5.283755,5.285653,5.285389
0.256000,502,7.289257,7.289639,7.291370,7.291626
0.257000,503,9.295120,9.295493,9.297228,9.297485
0.258000,504,11.301003,11.301343,11.303091,11.303349
-0.262000,505,13.306865,13.307201,13.309216,13.308954
0.259000,506,15.312761,15.313033,15.314867,15.315126
0.253000,507,17.318645,17.318978,17.320743,17.320996
0.259000,508,19.324601,19.325018,19.326608,19.326867
0.261000,509,21.330436,21.330756,21.332478,21.332739
0.266000,510,23.336288,23.336554,23.338340,23.338606
-0.262000,511,25.342106,25.342418,25.344548,25.344286
-0.259000,512,27.348177,27.348446,27.350508,27.350249
-0.291000,513,29.354058,29.354410,29.356436,29.356145
0.254000,514,31.359937,31.360291,31.362034,31.362288
-0.255000,515,33.365779,33.366137,33.368197,33.367942
-0.261000,516,35.371735,35.372107,35.374089,35.373828
0.235000,517,37.377663,37.377961,37.379768,37.380003
0.258000,518,39.383549,39.383956,39.385657,39.385915
-0.254000,519,41.389422,41.389755,41.391762,41.391508
0.264000,520,43.395365,43.395758,43.397456,43.397720
-0.284000,521,45.401275,45.401600,45.403635,45.403351
-0.258000,522,47.407150,47.407472,47.409483,47.409225
0.258000,523,49.413002,49.413369,49.415111,49.415369
-0.257000,524,51.418927,51.419326,51.421270,51.421013
-0.167000,525,53.424714,53.425007,53.426978,53.426811
0.260000,526,55.430644,55.430911,55.432812,55.433072
0.262000,527,57.436617,57.436896,57.438648,57.438910
-0.262000,528,59.442431,59.442768,59.444774,59.444512
0.288000,529,1.448260,1.448590,1.450424,1.450712
0.257000,530,3.454192,3.454512,3.456318,3.456575
-0.306000,531,5.460097,5.460406,5.462446,5.462140
0.251000,532,7.466038,7.466436,7.468148,7.468399
-0.258000,533,9.471885,9.472231,9.474287,9.474029
0.257000,534,11.477803,11.478128,11.479923,11.480180
0.257000,535,13.483744,13.484031,13.485774,13.486031
-0.260000,536,15.489545,15.489861,15.491953,15.491693
-0.295000,537,17.495560,17.495861,17.497917,17.497622
-0.338000,538,19.501430,19.501750,19.503874,19.503536
0.260000,539,21.507296,21.507617,21.509445,21.509705
-0.258000,540,23.513184,23.513592,23.515598,23.515340
-0.271000,541,25.519130,25.519393,25.521524,25.521253
-0.238000,542,27.525167,27.525469,27.527480,27.527242
-0.260000,543,29.531019,29.531366,29.533381,29.533121
-0.268000,544,31.536892,31.537244,31.539303,31.539035
0.284000,545,33.542862,33.543182,33.545003,33.545287
-0.263000,546,35.548732,35.549049,35.551093,35.550830
0.257000,547,37.554626,37.554963,37.556747,37.557004
-0.258000,548,39.560495,39.560848,39.562859,39.562601
0.258000,549,41.566392,41.566743,41.568488,41.568746
-0.261000,550,43.572246,43.572544,43.574650,43.574389
0.264000,551,45.577997,45.578276,45.580232,45.580496
0.254000,552,47.583988,47.584472,47.586035,47.586289
-0.258000,553,49.589737,49.590180,49.592153,49.591895
-0.328000,554,51.595643,51.595926,51.598085,51.597757
0.221000,555,53.601464,53.602394,53.603616,53.603837
-0.333000,556,55.607454,55.607785,55.609882,55.609549
-0.326000,557,57.613302,57.613710,57.615734,57.615408
0.332000,558,59.619243,59.619589,59.621331,59.621663
-0.340000,559,1.625044,1.625322,1.627564,1.627224
0.375000,560,3.630976,3.631332,3.633069,3.633444
-0.324000,561,5.636896,5.637166,5.639268,5.638944
0.257000,562,7.642749,7.643145,7.644847,7.645104
-0.253000,563,9.648607,9.648919,9.650969,9.650716
-0.258000,564,11.654474,11.654746,11.656865,11.656607
-0.259000,565,13.660372,13.660645,13.662766,13.662507
-0.261000,566,15.666262,15.666623,15.668673,15.668412
-0.251000,567,17.672126,17.672427,17.674529,17.674278
-0.257000,568,19.678018,19.678388,19.680465,19.680208
-0.256000,569,21.683958,21.684333,21.686336,21.686080
-0.260000,570,23.689843,23.690267,23.692220,23.691960
0.258000,571,25.695718,25.696360,25.697871,25.698129
0.263000,572,27.701609,27.702099,27.703843,27.704106
-0.255000,573,29.707474,29.707805,29.709887,29.709632
0.251000,574,31.713434,31.713780,31.715550,31.715801
0.258000,575,33.719265,33.719586,33.721413,33.721671
-0.256000,576,35.725168,35.725524,35.727547,35.727291
-0.260000,577,37.731084,37.731359,37.733452,37.733192
0.260000,578,39.737005,39.737272,39.739094,39.739354
0.301000,579,41.742865,41.743157,41.745131,41.745432
-0.257000,580,43.748707,43.749093,43.751103,43.750846
0.238000,581,45.754722,45.754989,45.756806,45.757044
-0.260000,582,47.760632,47.760895,47.762985,47.762725
-0.256000,583,49.766529,49.766834,49.768880,49.768624
-0.262000,584,51.772382,51.772704,51.774784,51.774522
-0.137000,585,53.778179,53.778515,53.780495,53.780358
0.262000,586,55.784254,55.784468,55.786319,55.786581
0.261000,587,57.790068,57.790396,57.792222,57.792483
0.263000,588,59.796025,59.796363,59.798118,59.798381
-0.265000,589,1.801885,1.802178,1.804278,1.804013
0.257000,590,3.807967,3.808286,3.810071,3.810328
0.252000,591,5.814104,5.814280,5.815992,5.816244
-0.251000,592,7.819810,7.820205,7.822157,7.821906
0.254000,593,9.825689,9.826043,9.827820,9.828074
0.262000,594,11.831621,11.832081,11.833803,11.834065
-0.258000,595,13.837453,13.837800,13.839864,13.839606
0.263000,596,15.843380,15.843800,15.845480,15.845743
-0.262000,597,17.849277,17.849675,17.851649,17.851387
-0.326000,598,19.855235,19.855530,19.857632,19.857306
-0.331000,599,21.861093,21.861469,21.863517,21.863186
-0.329000,600,23.866949,23.867212,23.869384,23.869055
-0.327000,601,25.872849,25.873171,25.875261,25.874934
-0.325000,602,27.878768,27.879039,27.881168,27.880843
-0.334000,603,29.884596,29.884856,29.887055,29.886721
-0.328000,604,31.890484,31.890795,31.892937,31.892609
-0.327000,605,33.896344,33.896622,33.898792,33.898465
-0.309000,606,35.902271,35.902549,35.904672,35.904363
0.327000,607,37.908208,37.908468,37.910301,37.910628
0.332000,608,39.914170,39.914514,39.916215,39.916547
0.330000,609,41.920108,41.920385,41.922114,41.922444
-0.333000,610,43.926093,43.926418,43.928457,43.928124
-0.330000,611,45.931998,45.932335,45.934391,45.934061
-0.340000,612,47.937900,47.938292,47.940309,47.939969
0.325000,613,49.943901,49.944179,49.945909,49.946234
-0.325000,614,51.949777,51.950103,51.952143,51.951818
0.255000,615,53.955670,53.955983,53.957707,53.957962
-0.399000,616,55.961587,55.961875,55.964026,55.963627
-0.314000,617,57.967519,57.967819,57.969914,57.969600
-0.253000,618,59.973480,59.973883,59.975801,59.975548
-0.265000,619,1.979369,1.979722,1.981736,1.981471
-0.259000,620,3.985300,3.985635,3.987622,3.987363
-0.263000,621,5.991231,5.991682,5.993557,5.993294
-0.263000,622,7.997144,7.997416,7.999467,7.999204
0.292000,623,10.002931,10.003386,10.005133,10.005425
0.285000,624,12.008889,12.009293,12.011015,12.011300
-0.278000,625,14.014863,14.015166,14.017247,14.016969
0.288000,626,16.020822,16.021119,16.023168,16.023456
0.264000,627,18.026789,18.027214,18.028863,18.029127
0.260000,628,20.032741,20.033075,20.034795,20.035055
-0.262000,629,22.038697,22.038981,22.040980,22.040718
0.265000,630,24.044551,24.044838,24.046628,24.046893
-0.296000,631,26.050461,26.050751,26.052778,26.052482
-0.307000,632,28.056406,28.056811,28.058737,28.058430
-0.264000,633,30.062276,30.062564,30.064609,30.064345
-0.265000,634,32.068159,32.068505,32.070531,32.070266
-0.265000,635,34.074100,34.074512,34.076453,34.076188
0.261000,636,36.080011,36.080363,36.082104,36.082365
0.333000,637,38.085931,38.086362,38.088013,38.088346
-0.334000,638,40.091843,40.092293,40.094257,40.093923
0.332000,639,42.097756,42.098194,42.099874,42.100206
0.332000,640,44.103624,44.103966,44.105752,44.106084
-0.371000,641,46.109631,46.110023,46.112050,46.111679
0.305000,642,48.115470,48.116050,48.117564,48.117869
0.332000,643,50.121364,50.121643,50.123416,50.123748
-0.265000,644,52.127191,52.127454,52.129570,52.129305
-0.270000,645,54.133154,54.133409,54.135494,54.135224
0.255000,647,58.144932,58.146113,58.147091,58.147346
0.262000,648,0.150829,0.151199,0.152947,0.153209
0.260000,649,2.156813,2.157107,2.158844,2.159104
-0.258000,650,4.162688,4.162968,4.165005,4.164747
0.249000,651,6.168809,6.169218,6.170874,6.171123
-0.244000,652,8.174691,8.175116,8.177018,8.176774
-0.258000,653,10.180599,10.181003,10.182977,10.182719
-0.257000,654,12.186585,12.186936,12.188904,12.188647
-0.262000,655,14.192470,14.192844,14.194862,14.194600
-0.259000,656,16.198461,16.198873,16.200780,16.200521
-0.298000,657,18.204385,18.204771,18.206728,18.206430
0.257000,658,20.210256,20.210615,20.212318,20.212575
-0.262000,659,22.216132,22.216464,22.218509,22.218247
0.261000,660,24.222104,24.222403,24.224180,24.224441
-0.262000,661,26.228002,26.228333,26.230352,26.230090
-0.260000,662,28.233979,28.234371,28.236308,28.236048
-0.261000,663,30.239911,30.240196,30.242234,30.241973
-0.265000,664,32.245872,32.246202,32.248197,32.247932
-0.293000,665,34.251774,34.252116,34.254132,34.253839
-0.263000,666,36.257657,36.257942,36.260001,36.259738
-0.237000,667,38.263540,38.263940,38.265860,38.265623
-0.265000,668,40.269454,40.269802,40.271770,40.271505
-0.301000,669,42.275351,42.275635,42.277694,42.277393
-0.299000,670,44.281279,44.281641,44.283594,44.283295
-0.257000,671,46.287246,46.287549,46.289561,46.289304
-0.261000,672,48.293100,48.293471,48.295429,48.295168
-0.300000,673,50.299038,50.299342,50.301382,50.301082
0.263000,674,52.304979,52.305271,52.307016,52.307279
-0.299000,675,54.310871,54.311128,54.313170,54.312871
-0.308000,676,56.316810,56.317133,56.319171,56.318863
-0.266000,677,58.322787,58.323210,58.325107,58.324841
0.264000,678,0.328727,0.328949,0.330759,0.331023
-0.323000,679,2.334592,2.334918,2.336959,2.336636
-0.258000,680,4.340493,4.340835,4.342835,4.342577
0.285000,681,6.346424,6.346751,6.348513,6.348798
0.290000,682,8.352328,8.352716,8.354407,8.354697
-0.305000,683,10.358277,10.358570,10.360587,10.360282
0.257000,684,12.364085,12.364445,12.366245,12.366502
0.261000,685,14.370132,14.370395,14.372153,14.372414
0.266000,686,16.376023,16.376337,16.378097,16.378363
0.268000,687,18.381884,18.382294,18.383951,18.384219
0.268000,688,20.387820,20.388112,20.389871,20.390139
-0.377000,689,22.393828,22.394035,22.396157,22.395780
-0.260000,690,24.399665,24.399967,24.402000,24.401740
0.262000,691,26.405568,26.405941,26.407663,26.407925
0.311000,692,28.411519,28.411817,28.413549,28.413860
0.262000,693,30.417414,30.417738,30.419440,30.419702
-0.266000,694,32.423265,32.423525,32.425632,32.425366
0.261000,695,34.429178,34.429482,34.431281,34.431542
-0.265000,696,36.435171,36.435465,36.437495,36.437230
-0.284000,697,38.441066,38.441315,38.443373,38.443089
-0.307000,698,40.446940,40.447246,40.449254,40.448947
-0.301000,699,42.452900,42.453150,42.455196,42.454895
-0.261000,700,44.458788,44.459045,44.461067,44.460806
-0.306000,701,46.464682,46.464922,46.466957,46.466651
-0.296000,702,48.470614,48.470871,48.472893,48.472597
-0.305000,703,50.476506,50.476766,50.478784,50.478479
-0.305000,704,52.482433,52.482688,52.484699,52.484394
-0.303000,705,54.488327,54.488583,54.490574,54.490271
-0.310000,706,56.494241,56.494499,56.496506,56.496196
-0.311000,707,58.500108,58.500359,58.502391,58.502080
-0.303000,708,0.506101,0.506345,0.508332,0.508029
-0.328000,709,2.511998,2.512252,2.514251,2.513923
-0.332000,710,4.517894,4.518137,4.520192,4.519860
-0.328000,711,6.523847,6.524078,6.526046,6.525718
-0.346000,712,8.529668,8.529923,8.531937,8.531591
-0.343000,713,10.535649,10.535901,10.537873,10.537530
-0.408000,714,12.541561,12.541811,12.543860,12.543452
-0.317000,715,14.547493,14.547737,14.549718,14.549401
-0.314000,716,16.553389,16.553636,16.555629,16.555315
-0.289000,717,18.559314,18.559573,18.561535,18.561246
-0.263000,718,20.565251,20.565497,20.567499,20.567236
-0.306000,719,22.571153,22.571386,22.573384,22.573078
-0.303000,720,24.577104,24.577344,24.579316,24.579013
-0.266000,721,26.582996,26.583253,26.585237,26.584971
-0.316000,722,28.589033,28.589180,28.591130,28.590814
-0.302000,723,30.594775,30.595083,30.596991,30.596689
-0.297000,724,32.600717,32.600952,32.602905,32.602608
-0.306000,725,34.606667,34.606875,34.608872,34.608566
-0.304000,726,36.612578,36.612789,36.614738,36.614434
-0.306000,727,38.618438,38.618670,38.620628,38.620322
-0.302000,728,40.624421,40.624644,40.626567,40.626265
-0.306000,729,42.630353,42.630582,42.632492,42.632186
-0.301000,730,44.636220,44.636464,44.638414,44.638113
-0.282000,731,46.642111,46.642295,46.644286,46.644004
-0.305000,732,48.648043,48.648233,48.650239,48.649934
-0.314000,733,50.654009,50.654197,50.656200,50.655886
-0.307000,734,52.659945,52.660095,52.662092,52.661785
-0.330000,735,54.665516,54.665704,54.667734,54.667404
-0.374000,736,56.671432,56.671726,56.673730,56.673356
-0.299000,737,58.677472,58.677663,58.679612,58.679313
-0.320000,738,0.683452,0.683606,0.685560,0.685240
-0.320000,739,2.689314,2.689505,2.691510,2.691190
-0.311000,740,4.695204,4.695388,4.697372,4.697061
-0.299000,741,6.701172,6.701364,6.703325,6.703026
-0.315000,742,8.707192,8.707351,8.709270,8.708955
-0.387000,743,10.713090,10.713272,10.715297,10.714910
-0.368000,744,12.718993,12.719183,12.721203,12.720835
-0.366000,745,14.724968,14.725131,14.727088,14.726722
-0.377000,746,16.730864,16.731017,16.733031,16.732654
-0.396000,747,18.736739,18.736925,18.738994,18.738598
-0.366000,748,20.742643,20.742871,20.744906,20.744540
-0.363000,749,22.748751,22.748910,22.750810,22.750447
-0.384000,750,24.754568,24.754726,24.756744,24.756360
-0.391000,751,26.760385,26.760576,26.762646,26.762255
-0.374000,752,28.766344,28.766533,28.768536,28.768162
-0.362000,753,30.772200,30.772411,30.774393,30.774031
-0.399000,754,32.778143,32.778351,32.780356,32.779957
-0.428000,755,34.784019,34.784209,34.786254,34.785826
-0.336000,756,36.789888,36.790084,36.792067,36.791731
-0.414000,757,38.794066,38.794263,38.796106,38.795692
-0.398000,758,40.799763,40.799954,40.801968,40.801570
-0.354000,759,42.805612,42.805857,42.807821,42.807467
-0.422000,760,44.811645,44.811860,44.813805,44.813383
-0.419000,761,46.817481,46.817689,46.819685,46.819266
-0.417000,762,48.823340,48.823555,48.825630,48.825213
-0.299000,763,50.829246,50.829434,50.831365,50.831066
-0.339000,764,52.835084,52.835294,52.837243,52.836904
-0.346000,765,54.840891,54.841138,54.843109,54.842763
-0.307000,766,56.846863,56.847060,56.848931,56.848624
-0.363000,767,58.852575,58.852802,58.854824,58.854461
-0.303000,768,0.858465,0.858695,0.860653,0.860350
-0.350000,769,2.864344,2.864586,2.866535,2.866185
-0.363000,770,4.870262,4.870448,4.872455,4.872092
-0.305000,771,6.876147,6.876375,6.878333,6.878028
-0.317000,772,8.882081,8.882273,8.884180,8.883863
-0.305000,773,10.887896,10.888136,10.890060,10.889755
-0.304000,774,12.893986,12.894165,12.895993,12.895689
-0.326000,775,14.899644,14.899879,14.901798,14.901472
-0.357000,776,16.905522,16.905753,16.907659,16.907302
-0.349000,777,18.911474,18.911702,18.913584,18.913235
-0.350000,778,20.917386,20.917587,20.919465,20.919115
-0.352000,779,22.923206,22.923445,22.925332,22.924980
-0.375000,780,24.929095,24.929334,24.931250,24.930875
-0.374000,781,26.935011,26.935255,26.937165,26.936791
-0.366000,782,28.940902,28.941135,28.943017,28.942651
-0.396000,783,30.946727,30.946964,30.948918,30.948522
-0.359000,784,32.952636,32.952875,32.954778,32.954419
-0.421000,785,34.958446,34.958678,34.960658,34.960237
-0.369000,786,36.964347,36.964580,36.966486,36.966117
-0.425000,787,38.970223,38.970455,38.972428,38.972003
-0.379000,788,40.976154,40.976386,40.978303,40.977924
-0.379000,789,42.982015,42.982247,42.984193,42.983814
-0.339000,790,44.987777,44.988035,44.989969,44.989630
-0.411000,791,46.993619,46.993954,46.995765,46.995354
-0.400000,793,51.005468,51.005713,51.007675,51.007275
-0.385000,794,53.011307,53.011557,53.013475,53.013090
-0.366000,795,55.017381,55.017538,55.019388,55.019022
-0.403000,796,57.023230,57.023381,57.025226,57.024823
-0.417000,797,59.028972,59.029185,59.031107,59.030690
-0.414000,798,1.034833,1.035063,1.036983,1.036569
-0.359000,799,3.041001,3.041153,3.042959,3.042600
-0.429000,800,5.046819,5.046988,5.048826,5.048397
-0.484000,801,7.052557,7.052815,7.054755,7.054271
-0.402000,802,9.058472,9.058723,9.060576,9.060174
-0.430000,803,11.064331,11.064606,11.066457,11.066027
-0.380000,804,13.070407,13.070559,13.072298,13.071918
-0.419000,805,15.076088,15.076270,15.078178,15.077759
-0.435000,806,17.081971,17.082176,17.084052,17.083617
-0.460000,807,19.087844,19.088020,19.089941,19.089481
-0.452000,809,23.099582,23.099808,23.101740,23.101288
-0.415000,810,25.105616,25.105766,25.107639,25.107224
-0.433000,811,27.111450,27.111678,27.113529,27.113096
-0.439000,812,29.117285,29.117518,29.119381,29.118942
-0.462000,813,31.123143,31.123401,31.125298,31.124836
-0.410000,814,33.129024,33.129249,33.131111,33.130701
-0.449000,815,35.134853,35.135086,35.136999,35.136550
-0.470000,816,37.140713,37.140942,37.142876,37.142406
-0.455000,817,39.146662,39.146866,39.148743,39.148288
-0.508000,818,41.152501,41.152733,41.154686,41.154178
-0.444000,819,43.158385,43.158614,43.160524,43.160080
-0.392000,820,45.164119,45.164326,45.166288,45.165896
-0.450000,821,47.169977,47.170236,47.172131,47.171681
-0.447000,822,49.175839,49.176090,49.177981,49.177534
-0.472000,823,51.181700,51.181951,51.183861,51.183389
-0.443000,824,53.187421,53.187693,53.189623,53.189180
-0.472000,825,55.193449,55.193836,55.195590,55.195118
-0.490000,826,57.199345,57.199585,57.201487,57.200997
-0.459000,827,59.205208,59.205432,59.207341,59.206882
-0.497000,828,1.211142,1.211374,1.213320,1.212823
-0.462000,829,3.217072,3.217299,3.219191,3.218729
-0.471000,830,5.222925,5.223154,5.225051,5.224580
-0.486000,831,7.228864,7.229051,7.230969,7.230483
-0.512000,832,9.234715,9.234951,9.236851,9.236339
-0.521000,833,11.240619,11.240833,11.242740,11.242219
-0.472000,834,13.246602,13.246751,13.248603,13.248131
-0.543000,835,15.252477,15.252632,15.254514,15.253971
-0.515000,836,19.264130,19.264364,19.266275,19.265760
-0.491000,837,21.269931,21.270187,21.272135,21.271644
-0.573000,838,23.275854,23.276100,23.278040,23.277467
-0.572000,839,25.281756,25.281996,25.283951,25.283379
-0.508000,840,27.287637,27.287894,27.289800,27.289292
-0.514000,841,29.293496,29.293887,29.295663,29.295149
-0.538000,842,31.299419,31.299682,31.301539,31.301001
-0.622000,843,33.305234,33.305468,33.307506,33.306884
-0.524000,844,35.311226,35.311457,35.313383,35.312859
-0.531000,845,37.317083,37.317318,37.319239,37.318708
-0.522000,846,39.322957,39.323187,39.325110,39.324588
-0.509000,847,41.328862,41.329093,41.330958,41.330449
-0.541000,848,43.334671,43.334905,43.336815,43.336274
-0.513000,849,45.340396,45.340635,45.342601,45.342088
-0.521000,850,47.346306,47.346536,47.348429,47.347908
-0.521000,851,49.352106,49.352335,49.354291,49.353770
-0.554000,852,51.358053,51.358285,51.360189,51.359635
-0.516000,853,53.363816,53.363999,53.365962,53.365446
-0.543000,854,55.369825,55.370018,55.371912,55.371369
-0.509000,855,57.375628,57.375878,57.377738,57.377229
-0.539000,856,59.381459,59.381696,59.383584,59.383045
-0.518000,857,1.387276,1.387500,1.389458,1.388940
-0.560000,858,3.393188,3.393425,3.395356,3.394796
-0.538000,859,5.399068,5.399303,5.401215,5.400677
-0.525000,860,7.404976,7.405168,7.407053,7.406528
-0.590000,861,9.410829,9.411020,9.412926,9.412336
-0.556000,862,11.416782,11.416993,11.418915,11.418359
-0.584000,863,13.422693,13.422925,13.424852,13.424268
-0.572000,864,15.428611,15.428843,15.430736,15.430164
-0.531000,865,17.434470,17.434688,17.436586,17.436055
-0.563000,866,19.440363,19.440591,19.442510,19.441947
-0.556000,867,21.446401,21.446593,21.448377,21.447821
-0.529000,868,23.452121,23.452381,23.454240,23.453711
-0.553000,869,25.457996,25.458206,25.460063,25.459510
-0.608000,870,27.463943,27.464092,27.465950,27.465342
-0.577000,871,29.469713,29.469959,29.471862,29.471285
-0.581000,872,31.475604,31.475857,31.477753,31.477172
-0.668000,873,33.481474,33.481744,33.483710,33.483042
-0.605000,874,35.487347,35.487586,35.489495,35.488890
-0.687000,875,37.493223,37.493462,37.495468,37.494781
-0.587000,876,39.499192,39.499439,39.501329,39.500742
-0.624000,877,41.505065,41.505295,41.507220,41.506596
-0.577000,878,43.510945,43.511173,43.513078,43.512501
-0.563000,879,45.516648,45.516846,45.518867,45.518304
-0.615000,880,47.522527,47.522760,47.524678,47.524063
-0.551000,881,49.528463,49.528664,49.530498,49.529947
-0.607000,882,51.534377,51.534643,51.536444,51.535837
-0.613000,883,53.540081,53.540298,53.542274,53.541661
-0.634000,884,55.546110,55.546347,55.548227,55.547593
-0.605000,885,57.551978,57.552227,57.554122,57.553517
-0.591000,886,59.557854,59.558082,59.560004,59.559413
-0.581000,887,1.563890,1.564047,1.565853,1.565272
-0.611000,888,3.569560,3.569816,3.571715,3.571104
-0.634000,889,5.575436,5.575677,5.577604,5.576970
-0.654000,890,7.581321,7.581579,7.583472,7.582818
-0.624000,891,9.587163,9.587406,9.589308,9.588684
-0.624000,892,11.593049,11.593279,11.595188,11.594564
-0.637000,893,13.598918,13.599132,13.601079,13.600442
-0.660000,894,15.604818,15.605053,15.606971,15.606311
-0.638000,895,17.610711,17.610947,17.612847,17.612209
-0.596000,896,19.616642,19.616838,19.618699,19.618103
-0.616000,897,21.622449,21.622712,21.624573,21.623957
-0.652000,898,23.628312,23.628502,23.630470,23.629818
-0.640000,899,25.634325,25.634523,25.636338,25.635698
-0.679000,900,27.640059,27.640269,27.642217,27.641538
-0.662000,901,29.645897,29.646081,29.648066,29.647404
-0.727000,902,31.651806,31.652011,31.654059,31.653332
-0.661000,903,33.657623,33.657838,33.659785,33.659124
-0.700000,904,35.663488,35.663768,35.665695,35.664995
-0.697000,905,37.669399,37.669586,37.671565,37.670868
-0.631000,906,39.675233,39.675419,39.677415,39.676784
-0.707000,907,41.681143,41.681328,41.683322,41.682615
-0.650000,908,43.687005,43.687193,43.689157,43.688507
-0.681000,909,45.692875,45.693113,45.695044,45.694363
-0.677000,910,47.698720,47.698957,47.700903,47.700226
-0.712000,911,49.704592,49.704831,49.706796,49.706084
-0.629000,912,51.710489,51.710733,51.712630,51.712001
-0.689000,913,53.716175,53.716352,53.718424,53.717735
-0.645000,914,55.722222,55.722455,55.724402,55.723757
-0.643000,915,57.728162,57.728400,57.730293,57.729650
-0.708000,916,59.734003,59.734240,59.736190,59.735482
-0.722000,917,1.739910,1.740163,1.742092,1.741370
-0.633000,918,3.745860,3.746050,3.747942,3.747309
-0.695000,919,5.751721,5.751909,5.753853,5.753158
-0.688000,920,7.757593,7.757776,7.759759,7.759071
-0.692000,921,9.763455,9.763791,9.765620,9.764928
-0.699000,922,11.769325,11.769558,11.771477,11.770778
-0.698000,923,13.775224,13.775458,13.777371,13.776673
-0.685000,924,15.781103,15.781349,15.783253,15.782568
-0.720000,925,17.786971,17.787217,17.789161,17.788441
-0.739000,926,19.792853,19.793092,19.795052,19.794313
-0.679000,927,21.798760,21.798956,21.800922,21.800243
-0.714000,928,23.804558,23.804773,23.806795,23.806081
-0.702000,929,25.810486,25.810706,25.812661,25.811959
-0.705000,930,27.816351,27.816563,27.818515,27.817810
-0.613000,931,29.822296,29.822520,29.824362,29.823749
-0.744000,932,31.828067,31.828284,31.830263,31.829519
-0.713000,933,33.833939,33.834219,33.836113,33.835400
-0.741000,934,35.839799,35.840041,35.841991,35.841250
-0.726000,935,37.845693,37.845934,37.847883,37.847157
-0.822000,936,39.851517,39.851728,39.853823,39.853001
-0.723000,937,41.857433,41.857652,41.859616,41.858893
-0.677000,938,43.863281,43.863508,43.865460,43.864783
-0.711000,939,45.869164,45.869391,45.871348,45.870637
-0.715000,940,47.875031,47.875232,47.877197,47.876482
-0.674000,941,49.880888,49.881103,49.883016,49.882342
-0.742000,942,51.886768,51.886984,51.888919,51.888177
-0.706000,943,53.892617,53.892923,53.894758,53.894052
-0.712000,944,55.898503,55.898707,55.900595,55.899883
-0.765000,945,57.904405,57.904619,57.906576,57.905811
-0.743000,946,59.910278,59.910558,59.912439,59.911696
-0.710000,947,1.916153,1.916378,1.918282,1.917572
-0.762000,948,3.922012,3.922225,3.924181,3.923419
-0.733000,949,5.927916,5.928153,5.930060,5.929327
-0.748000,950,7.933833,7.934061,7.935965,7.935217
-0.730000,951,9.939667,9.939941,9.941818,9.941088
-0.793000,952,11.945537,11.945773,11.947732,11.946939
-0.761000,953,13.951433,13.951635,13.953600,13.952839
-0.754000,954,15.957321,15.957527,15.959498,15.958744
-0.757000,955,17.963316,17.963540,17.965496,17.964739
-0.755000,956,19.969191,19.969396,19.971353,19.970598
-0.784000,957,21.975073,21.975290,21.977228,21.976444
-0.746000,958,23.980933,23.981137,23.983100,23.982354
-0.772000,959,25.986874,25.987081,25.989041,25.988269
-0.770000,960,27.992751,27.992971,27.994921,27.994151
-0.784000,962,32.004505,32.004728,32.006751,32.005967
-0.813000,963,34.010517,34.010760,34.012630,34.011817
-0.780000,964,36.016342,36.016569,36.018514,36.017734
-0.799000,965,38.022217,38.022459,38.024358,38.023559
-0.778000,966,40.028091,40.028318,40.030227,40.029449
-0.819000,967,42.033973,42.034196,42.036157,42.035338
-0.789000,968,44.039898,44.040119,44.042081,44.041292
-0.763000,969,46.045840,46.046060,46.047935,46.047172
-0.797000,970,48.051646,48.051878,48.053816,48.053019
-0.906000,971,50.057484,50.057703,50.059765,50.058859
-0.786000,972,52.063473,52.063771,52.065652,52.064866
-0.784000,973,54.069363,54.069604,54.071521,54.070737
-0.825000,974,56.075275,56.075515,56.077419,56.076594
-0.777000,975,58.081134,58.081353,58.083328,58.082551
-0.772000,976,0.087011,0.087271,0.089186,0.088414
-0.793000,977,2.092908,2.093145,2.095039,2.094246
-0.766000,978,4.098793,4.099030,4.100935,4.100169
-0.818000,979,6.104617,6.104891,6.106816,6.105998
-0.830000,980,8.110530,8.110748,8.112682,8.111852
-0.842000,981,10.116434,10.116656,10.118594,10.117752
-0.727000,982,12.122301,12.122523,12.124439,12.123712
-0.837000,983,14.128145,14.128358,14.130297,14.129460
-0.856000,984,16.133992,16.134215,16.136181,16.135325
-0.796000,985,18.139960,18.140176,18.142035,18.141239
-0.833000,986,20.145772,20.146067,20.147970,20.147137
-0.826000,987,22.151691,22.151907,22.153853,22.153027
-0.809000,988,24.157563,24.157783,24.159705,24.158896
-0.807000,989,26.163412,26.163624,26.165596,26.164789
-0.856000,990,28.169309,28.169519,28.171493,28.170637
-0.840000,991,30.175189,30.175398,30.177360,30.176520
-0.831000,992,32.181142,32.181351,32.183327,32.182496
-0.853000,993,34.187024,34.187231,34.189201,34.188348
-0.867000,994,36.192934,36.193139,36.195120,36.194253
-0.804000,995,38.198826,38.199054,38.200955,38.200151
-0.851000,996,40.204665,40.204881,40.206851,40.206000
-0.810000,997,42.210573,42.210775,42.212702,42.211892
-0.845000,998,44.216401,44.216606,44.218558,44.217713
-0.813000,999,46.222305,46.222512,46.224443,46.223630
